62
5847
74 1207
70 1143
73 1170
69 1059
74 1161
74 1191
70 1184
70 1171
74 1218
74 1201
70 1159
70 1166
74 662
70 250
74 524
74 307
70 313
69 295
74 620
70 326
74 555
74 314
70 297
73 339
74 601
70 248
74 616
74 270
70 282
69 295
74 577
70 297
74 626
74 301
70 279
73 325
74 577
70 298
74 564
74 292
70 272
69 298
74 592
70 301
74 621
74 314
70 261
73 326
74 581
70 284
74 544
74 287
70 323
69 400
74 630
70 238
74 593
74 324
70 270
73 329
74 633
70 227
74 560
74 329
70 284
69 283
74 586
70 292
74 553
74 363
70 307
73 352
74 607
70 262
74 600
74 296
70 287
69 303
74 591
70 287
74 602
74 321
70 243
73 346
74 596
70 278
74 628
74 323
70 252
69 311
74 613
70 256
74 617
74 329
70 266
73 312
74 547
70 252
74 616
74 321
70 354
69 258
74 605
70 276
74 588
74 322
70 255
73 1123
74 448
70 347
74 514
70 