5821
74 1273
70 1113
73 1102
69 1061
74 1160
74 1244
70 1251
70 1123
74 1281
74 1141
70 1107
70 1200
74 604
70 282
74 557
74 297
70 269
73 420
74 532
70 266
74 625
74 374
70 239
73 416
74 465
70 288
74 632
74 335
70 228
69 306
74 592
70 300
74 621
74 325
70 283
73 331
74 565
70 305
74 580
74 286
70 289
69 318
74 580
70 340
74 579
74 300
70 283
73 320
74 506
70 309
74 545
74 306
70 298
69 381
74 577
70 398
74 580
74 292
70 278
73 344
74 556
70 244
74 610
74 339
70 257
69 278
74 655
70 260
74 597
74 310
70 284
73 299
74 552
70 323
74 610
74 371
70 266
69 235
74 603
74 86
70 296
74 517
74 297
70 268
73 525
74 383
70 278
74 707
74 329
69 571
74 487
70 388
74 548
74 342
70 250
73 298
74 514
70 292
74 554
74 389
70 262
69 375
74 598
70 367
74 571
74 330
70 281
73 934
74 638
70 364
74 466
70 